#
#
#  Percent Identity  Matrix - created by Clustal2.1 
#
#

     1: identifier7  100.00   36.36   40.66   40.62   56.67   58.82   55.74   57.14
     2: identifier2   36.36  100.00   45.45   46.43   48.24   58.97   48.24   41.03
     3: identifier1   40.66   45.45  100.00  100.00   76.67   55.56   77.05   86.36
     4: identifier4   40.62   46.43  100.00  100.00   77.05   60.00   77.42   86.36
     5: identifier0   56.67   48.24   76.67   77.05  100.00   92.59  100.00  100.00
     6: identifier6   58.82   58.97   55.56   60.00   92.59  100.00  100.00  100.00
     7: identifier3   55.74   48.24   77.05   77.42  100.00  100.00  100.00  100.00
     8: identifier5   57.14   41.03   86.36   86.36  100.00  100.00  100.00  100.00
