#
#
#  Percent Identity  Matrix - created by Clustal2.1 
#
#

     1: identifier2   100.00   36.33   41.07   41.07   47.30   58.82   58.42   58.25   58.42   46.98   52.84   49.10   48.91   48.91   49.10   37.76   48.94   49.08   48.91   48.94   48.71   58.82   57.38   49.60   49.80   50.21   46.53   46.53   46.53   44.64   49.06   38.41   43.84   36.84   33.60   42.86   45.45   47.41   35.71  100.00
     2: identifier0    36.33  100.00   41.15   41.15   48.26   59.63   59.26   59.09   58.33   48.26   52.54   50.00   50.18   50.18   50.18   42.45   50.18   52.94   52.72   50.18   50.00   58.72   57.14   50.97   50.78   50.80   40.27   40.27   40.27   39.31   40.85   34.72   37.89   40.48   37.72   38.78   38.14   42.76   37.25  100.00
     3: identifier1    41.07   41.15  100.00  100.00   38.94   61.47   61.11   60.00   58.33   41.12   54.77   39.08   39.11   38.97   51.64   35.48   50.80   48.58   48.58   50.80   39.13   59.63   61.76   53.03   53.23   53.33   45.09   43.91   45.29   45.23   48.42   35.62   44.03   52.38   37.69   36.73   37.40   47.44   37.43  100.00
     4: identifier3    41.07   41.15  100.00  100.00   38.97   61.47   61.11   60.00   58.33   41.12   54.77   39.11   39.14   39.00   51.64   35.48   50.80   48.58   48.58   50.80   39.16   59.63   61.76   53.03   53.23   53.33   45.09   43.91   45.29   45.23   48.42   35.62   44.03   52.38   37.69   36.73   37.40   47.44   37.43  100.00
     5: identifier17   47.30   48.26   38.94   38.97  100.00  100.00  100.00  100.00   99.09   96.12   99.59   99.87   99.86   99.73   99.71   91.24   99.73   99.69   99.69   99.73   99.87  100.00  100.00   91.67   92.02   94.90   56.32   55.00   56.65   59.69   65.99   43.41   53.91   61.90   47.71   57.78   45.64   58.33   50.98  100.00
     6: identifier11   58.82   59.63   61.47   61.47  100.00  100.00  100.00  100.00   99.07  100.00  100.00  100.00  100.00  100.00  100.00   65.62  100.00  100.00  100.00  100.00  100.00  100.00  100.00   98.20   98.20   98.20   67.29   67.29   67.29   67.29   67.29   67.29   67.29   61.90   49.00   57.78   67.29   67.29   61.54  100.00
     7: identifier4    58.42   59.26   61.11   61.11  100.00  100.00  100.00  100.00   99.07  100.00  100.00  100.00  100.00  100.00  100.00   65.62  100.00  100.00  100.00  100.00  100.00  100.00  100.00   99.09   99.09   99.09   66.98   66.98   66.98   66.98   66.98   66.98   66.98   61.90   49.49   57.78   66.98   66.98   61.54  100.00
     8: identifier14   58.25   59.09   60.00   60.00  100.00  100.00  100.00  100.00   99.09  100.00  100.00  100.00  100.00  100.00  100.00   66.67  100.00  100.00  100.00  100.00  100.00  100.00  100.00   99.11   99.11   99.11   67.59   67.59   67.59   67.59   67.59   67.59   67.59   61.90   50.00   57.78   67.59   67.59   61.32  100.00
     9: identifier16   58.42   58.33   58.33   58.33   99.09   99.07   99.07   99.09  100.00   99.09   99.09   99.09   99.09   99.09   99.09   64.06   99.09   99.09   99.09   99.09   99.09   99.09  100.00   99.09   99.09   99.09   66.98   66.98   66.98   66.98   66.98   66.98   66.98   61.90   51.02   57.78   66.98   66.98   60.58  100.00
    10: identifier19   46.98   48.26   41.12   41.12   96.12  100.00  100.00  100.00   99.09  100.00  100.00   99.16   99.15   98.98  100.00   87.84  100.00  100.00  100.00  100.00   99.15  100.00  100.00   92.05   92.40   95.29   56.32   55.00   56.65   60.21   65.99   43.95   53.91   61.90   47.71   57.78   47.07   58.33   50.68  100.00
    11: identifier22   52.84   52.54   54.77   54.77   99.59  100.00  100.00  100.00   99.09  100.00  100.00  100.00  100.00  100.00  100.00   65.12  100.00  100.00  100.00  100.00  100.00  100.00  100.00   98.37   98.37   98.37   66.39   66.39   66.39   67.12   65.69   55.46   57.36   61.90   48.47   57.78   67.13   68.38   56.12  100.00
    12: identifier23   49.10   50.00   39.08   39.11   99.87  100.00  100.00  100.00   99.09   99.16  100.00  100.00  100.00   99.86  100.00   91.24  100.00  100.00  100.00  100.00  100.00  100.00  100.00   97.19   97.19   97.19   56.32   55.00   56.65   60.21   65.99   44.61   53.72   61.90   47.71   57.78   45.86   58.33   51.15  100.00
    13: identifier24   48.91   50.18   39.11   39.14   99.86  100.00  100.00  100.00   99.09   99.15  100.00  100.00  100.00   99.86  100.00   91.24  100.00  100.00  100.00  100.00  100.00  100.00  100.00   98.37   98.37   98.37   56.32   55.00   56.65   60.21   65.99   44.49   54.39   61.90   47.71   57.78   45.86   58.33   51.66  100.00
    14: identifier25   48.91   50.18   38.97   39.00   99.73  100.00  100.00  100.00   99.09   98.98  100.00   99.86   99.86  100.00  100.00   90.96  100.00  100.00  100.00  100.00   99.86  100.00  100.00   98.37   98.37   98.37   56.32   55.00   56.65   60.21   65.99   44.30   54.39   61.90   47.71   57.78   45.64   58.33   51.66  100.00
    15: identifier26   49.10   50.18   51.64   51.64   99.71  100.00  100.00  100.00   99.09  100.00  100.00  100.00  100.00  100.00  100.00   65.93  100.00  100.00  100.00  100.00  100.00  100.00  100.00   92.05   92.40   95.29   66.67   66.67   66.67   67.35   65.94   51.84   57.21   61.90   47.71   57.78   67.36   68.64   55.28  100.00
    16: identifier27   37.76   42.45   35.48   35.48   91.24   65.62   65.62   66.67   64.06   87.84   65.12   91.24   91.24   90.96   65.93  100.00   65.93   65.93   65.93   65.93   91.24   66.15   71.05   63.95   63.95   63.95   49.45   47.42   50.00   50.54   53.57   39.20   53.57    0.00   39.51   47.37   39.49   51.11   45.28  100.00
    17: identifier32   48.94   50.18   50.80   50.80   99.73  100.00  100.00  100.00   99.09  100.00  100.00  100.00  100.00  100.00  100.00   65.93  100.00  100.00  100.00  100.00  100.00  100.00  100.00   92.05   92.40   95.29   66.67   66.67   66.67   67.35   65.94   51.84   57.21   61.90   47.71   57.78   67.36   68.64   55.28  100.00
    18: identifier34   49.08   52.94   48.58   48.58   99.69  100.00  100.00  100.00   99.09  100.00  100.00  100.00  100.00  100.00  100.00   65.93  100.00  100.00  100.00  100.00  100.00  100.00  100.00   98.78   98.78   98.78   66.67   66.67   66.67   67.35   65.94   55.70   57.65   61.90   47.71   57.78   67.36   68.64   54.87  100.00
    19: identifier35   48.91   52.72   48.58   48.58   99.69  100.00  100.00  100.00   99.09  100.00  100.00  100.00  100.00  100.00  100.00   65.93  100.00  100.00  100.00  100.00  100.00  100.00  100.00   98.37   98.37   98.37   66.67   66.67   66.67   67.35   65.94   55.46   57.87   61.90   47.71   57.78   67.36   68.64   54.87  100.00
    20: identifier38   48.94   50.18   50.80   50.80   99.73  100.00  100.00  100.00   99.09  100.00  100.00  100.00  100.00  100.00  100.00   65.93  100.00  100.00  100.00  100.00  100.00  100.00  100.00   92.05   92.40   95.29   66.67   66.67   66.67   67.35   65.94   51.84   57.21   61.90   47.71   57.78   67.36   68.64   55.28  100.00
    21: identifier39   48.71   50.00   39.13   39.16   99.87  100.00  100.00  100.00   99.09   99.15  100.00  100.00  100.00   99.86  100.00   91.24  100.00  100.00  100.00  100.00  100.00  100.00  100.00   99.18   99.18   99.18   56.32   55.00   56.65   60.21   65.99   44.74   53.81   61.90   47.71   57.78   45.86   58.33   51.51  100.00
    22: identifier29   58.82   58.72   59.63   59.63  100.00  100.00  100.00  100.00   99.09  100.00  100.00  100.00  100.00  100.00  100.00   66.15  100.00  100.00  100.00  100.00  100.00  100.00  100.00  100.00  100.00  100.00   67.29   67.29   67.29   67.29   67.29   67.29   67.29   61.90   50.51   57.78   67.29   67.29   60.95  100.00
    23: identifier12   57.38   57.14   61.76   61.76  100.00  100.00  100.00  100.00  100.00  100.00  100.00  100.00  100.00  100.00  100.00   71.05  100.00  100.00  100.00  100.00  100.00  100.00  100.00  100.00  100.00  100.00   75.71   75.71   75.71   75.71   75.71   74.29   75.71   67.74   58.62   57.78   75.71   75.71   62.50    -nan
    24: identifier13   49.60   50.97   53.03   53.03   91.67   98.20   99.09   99.11   99.09   92.05   98.37   97.19   98.37   98.37   92.05   63.95   92.05   98.78   98.37   92.05   99.18  100.00  100.00  100.00  100.00  100.00   63.28   63.28   63.28   64.47   62.94   51.72   54.37   61.90   48.02   57.78   64.43   65.04   53.77  100.00
    25: identifier21   49.80   50.78   53.23   53.23   92.02   98.20   99.09   99.11   99.09   92.40   98.37   97.19   98.37   98.37   92.40   63.95   92.40   98.78   98.37   92.40   99.18  100.00  100.00  100.00  100.00  100.00   63.28   63.28   63.28   64.47   62.94   51.92   54.37   61.90   48.02   57.78   64.43   65.04   53.77  100.00
    26: identifier28   50.21   50.80   53.33   53.33   94.90   98.20   99.09   99.11   99.09   95.29   98.37   97.19   98.37   98.37   95.29   63.95   95.29   98.78   98.37   95.29   99.18  100.00  100.00  100.00  100.00  100.00   63.28   63.28   63.28   64.47   62.94   53.17   54.37   61.90   48.02   57.78   64.43   65.04   53.77  100.00
    27: identifier6    46.53   40.27   45.09   45.09   56.32   67.29   66.98   67.59   66.98   56.32   66.39   56.32   56.32   56.32   66.67   49.45   66.67   66.67   66.67   66.67   56.32   67.29   75.71   63.28   63.28   63.28  100.00  100.00  100.00   97.25   97.63   90.84   97.21   52.38   46.51   53.33   92.75   96.03   42.07  100.00
    28: identifier20   46.53   40.27   43.91   43.91   55.00   67.29   66.98   67.59   66.98   55.00   66.39   55.00   55.00   55.00   66.67   47.42   66.67   66.67   66.67   66.67   55.00   67.29   75.71   63.28   63.28   63.28  100.00  100.00  100.00   97.25   97.63   88.81   97.21   52.38   46.51   53.33   90.67   96.03   42.07  100.00
    29: identifier31   46.53   40.27   45.29   45.29   56.65   67.29   66.98   67.59   66.98   56.65   66.39   56.65   56.65   56.65   66.67   50.00   66.67   66.67   66.67   66.67   56.65   67.29   75.71   63.28   63.28   63.28  100.00  100.00  100.00   97.25   97.63   91.19   97.21   52.38   46.51   53.33   93.10   96.03   42.07  100.00
    30: identifier9    44.64   39.31   45.23   45.23   59.69   67.29   66.98   67.59   66.98   60.21   67.12   60.21   60.21   60.21   67.35   50.54   67.35   67.35   67.35   67.35   60.21   67.29   75.71   64.47   64.47   64.47   97.25   97.25   97.25  100.00   95.05   88.53   94.36   52.38   45.14   53.33   97.83   97.56   42.05  100.00
    31: identifier5    49.06   40.85   48.42   48.42   65.99   67.29   66.98   67.59   66.98   65.99   65.69   65.99   65.99   65.99   65.94   53.57   65.94   65.94   65.94   65.94   65.99   67.29   75.71   62.94   62.94   62.94   97.63   97.63   97.63   95.05  100.00   90.71   99.12   52.38   42.36   53.33   94.98  100.00   42.65  100.00
    32: identifier10   38.41   34.72   35.62   35.62   43.41   67.29   66.98   67.59   66.98   43.95   55.46   44.61   44.49   44.30   51.84   39.20   51.84   55.70   55.46   51.84   44.74   67.29   74.29   51.72   51.92   53.17   90.84   88.81   91.19   88.53   90.71  100.00   82.52   52.38   44.59   53.33   95.27   96.11   37.50  100.00
    33: identifier37   43.84   37.89   44.03   44.03   53.91   67.29   66.98   67.59   66.98   53.91   57.36   53.72   54.39   54.39   57.21   53.57   57.21   57.65   57.87   57.21   53.81   67.29   75.71   54.37   54.37   54.37   97.21   97.21   97.21   94.36   99.12   82.52  100.00   52.38   42.11   53.33   95.06  100.00   39.63  100.00
    34: identifier18   36.84   40.48   52.38   52.38   61.90   61.90   61.90   61.90   61.90   61.90   61.90   61.90   61.90   61.90   61.90    0.00   61.90   61.90   61.90   61.90   61.90   61.90   67.74   61.90   61.90   61.90   52.38   52.38   52.38   52.38   52.38   52.38   52.38  100.00   47.22   55.56   52.38   52.38   47.62    -nan
    35: identifier8    33.60   37.72   37.69   37.69   47.71   49.00   49.49   50.00   51.02   47.71   48.47   47.71   47.71   47.71   47.71   39.51   47.71   47.71   47.71   47.71   47.71   50.51   58.62   48.02   48.02   48.02   46.51   46.51   46.51   45.14   42.36   44.59   42.11   47.22  100.00   38.89   44.44   47.58   33.33  100.00
    36: identifier36   42.86   38.78   36.73   36.73   57.78   57.78   57.78   57.78   57.78   57.78   57.78   57.78   57.78   57.78   57.78   47.37   57.78   57.78   57.78   57.78   57.78   57.78   57.78   57.78   57.78   57.78   53.33   53.33   53.33   53.33   53.33   53.33   53.33   55.56   38.89  100.00   53.33   53.33   38.64    -nan
    37: identifier7    45.45   38.14   37.40   37.40   45.64   67.29   66.98   67.59   66.98   47.07   67.13   45.86   45.86   45.64   67.36   39.49   67.36   67.36   67.36   67.36   45.86   67.29   75.71   64.43   64.43   64.43   92.75   90.67   93.10   97.83   94.98   95.27   95.06   52.38   44.44   53.33  100.00   99.21   40.10  100.00
    38: identifier33   47.41   42.76   47.44   47.44   58.33   67.29   66.98   67.59   66.98   58.33   68.38   58.33   58.33   58.33   68.64   51.11   68.64   68.64   68.64   68.64   58.33   67.29   75.71   65.04   65.04   65.04   96.03   96.03   96.03   97.56  100.00   96.11  100.00   52.38   47.58   53.33   99.21  100.00   42.01  100.00
    39: identifier30   35.71   37.25   37.43   37.43   50.98   61.54   61.54   61.32   60.58   50.68   56.12   51.15   51.66   51.66   55.28   45.28   55.28   54.87   54.87   55.28   51.51   60.95   62.50   53.77   53.77   53.77   42.07   42.07   42.07   42.05   42.65   37.50   39.63   47.62   33.33   38.64   40.10   42.01  100.00  100.00
    40: identifier15  100.00  100.00  100.00  100.00  100.00  100.00  100.00  100.00  100.00  100.00  100.00  100.00  100.00  100.00  100.00  100.00  100.00  100.00  100.00  100.00  100.00  100.00    -nan  100.00  100.00  100.00  100.00  100.00  100.00  100.00  100.00  100.00  100.00    -nan  100.00    -nan  100.00  100.00  100.00  100.00
